                         0                   3119.41
                      0.03                    3115.2
                      0.05                    3113.2
                      0.08                    3111.2
                      0.12                    3109.2
                      0.15                    3107.2
                       0.2                    3105.2
                      0.25                    3103.2
                       0.3                    3101.2
                      0.38                    3099.2
                      0.47                    3097.2
                      0.55                    3095.2
                      0.67                    3093.2
                      0.78                    3091.2
                      0.92                    3089.2
                      1.03                    3087.2
                      1.18                    3085.2
                      1.35                    3083.2
                      1.52                    3081.2
                      1.73                    3079.2
                      1.92                    3077.2
                      2.15                    3075.2
                       2.4                    3073.2
                      2.65                    3071.2
                       2.9                    3069.2
                      3.15                    3068.2
                      3.37                    3066.2
                      3.62                    3065.2
                       3.8                    3063.2
                      4.05                    3062.2
                       4.3                    3060.2
                      4.55                    3059.2
                       4.8                    3058.2
                      5.05                    3056.2
                      5.55                    3054.2
                       5.8                    3053.2
                      6.05                    3052.2
                      6.28                    3050.2
                      6.53                    3050.2
                      6.72                    3048.2
                      6.97                    3048.2
                      7.22                    3047.2
                      7.47                    3046.2
                      7.72                    3045.2
                      7.97                    3044.2
                      8.22                    3043.2
                      8.47                    3042.2
                      8.72                    3041.2
                      8.97                    3040.2
                      9.22                    3039.2
                      9.47                    3039.2
                      9.72                    3038.2
                      9.97                    3037.2
                     10.22                    3036.2
                     10.47                    3036.2
                     10.72                    3035.2
                     10.97                    3034.2
                     11.22                    3033.2
                     11.47                    3032.2
                     11.72                    3032.2
                     11.97                    3031.2
                     12.22                    3031.2
                     12.47                    3030.2
                     12.72                    3029.2
                     12.97                    3028.2
                     13.22                    3028.2
                     13.47                    3027.2
                     13.72                    3026.2
                     13.97                    3026.2
                     14.22                    3025.2
                     14.47                    3025.2
                     14.72                    3024.2
                     14.97                    3023.2
                     15.22                    3023.2
                     15.47                    3022.2
                     15.72                    3021.2
                     15.97                    3020.2
                     16.22                    3020.2
                     16.47                    3019.2
                     16.72                    3019.2
                     16.97                    3018.2
                     17.22                    3018.2
                     17.47                    3017.2
                     17.72                    3017.2
                     17.97                    3016.2
                     18.22                    3015.2
                     18.47                    3015.2
                     18.72                    3014.2
                     18.97                    3013.2
                     19.47                    3012.2
                     19.72                    3011.2
                     19.97                    3011.2
                     20.22                    3010.2
                     20.47                    3010.2
                     20.97                    3009.2
                     21.22                    3009.2
                     21.47                    3008.2
                     21.72                    3008.2
                     21.97                    3007.2
                     22.22                    3007.2
                     22.47                    3006.2
                     22.72                    3006.2
                     22.97                    3006.2
                     23.22                    3005.2
                     23.47                    3005.2
                     23.72                    3004.2
                     23.97                    3004.2
                     24.22                    3003.2
                     24.47                    3003.2
                     24.72                    3002.2
                     24.97                    3002.2
                     25.22                    3001.2
                     25.47                    3001.2
                     25.72                    3001.2
                     25.97                    3000.2
                     26.22                    2999.2
                     26.47                    2999.2
                     26.72                    2998.2
                     26.97                    2998.2
                     27.22                    2998.2
                     27.47                    2997.2
                     27.72                    2997.2
                     27.97                    2996.2
                     28.22                    2996.2
                     28.47                    2996.2
                     28.72                    2995.2
                     28.97                    2995.2
                     29.22                    2994.2
                     29.47                    2994.2
                     29.72                    2994.2
                     29.97                    2993.2
                     30.22                    2993.2
                     30.47                    2992.2
                     30.72                    2992.2
                     30.97                    2991.2
                     31.22                    2991.2
                     31.47                    2991.2
                     31.72                    2990.2
                     31.97                    2990.2
                     32.22                    2990.2
                     32.47                    2990.2
                     32.72                    2989.2
                     32.97                    2989.2
                     33.22                    2989.2
                     33.47                    2988.2
                     33.72                    2988.2
                     33.97                    2988.2
                     34.47                    2988.2
                     34.72                    2987.2
                     34.97                    2987.2
                     35.22                    2987.2
                     35.72                    2986.2
                     35.97                    2986.2
                     36.22                    2986.2
                     36.47                    2986.2
                     36.72                    2985.2
                     36.97                    2985.2
                     37.22                    2985.2
                     37.47                    2985.2
                     37.72                    2984.2
                     37.97                    2984.2
                     38.22                    2984.2
                     38.47                    2983.2
                     38.72                    2983.2
                     38.97                    2983.2
                     39.22                    2983.2
                     39.47                    2982.2
                     39.72                    2982.2
                     39.97                    2982.2
                     40.22                    2982.2
                     40.47                    2981.2
                     40.72                    2981.2
                     40.97                    2981.2
                     41.22                    2981.2
                     41.47                    2980.2
                     41.72                    2980.2
                     41.97                    2980.2
                     42.22                    2980.2
                     42.47                    2979.2
                     42.72                    2979.2
                     42.97                    2978.2
                     43.22                    2978.2
                     43.47                    2978.2
                     43.72                    2978.2
                     43.97                    2977.2
                     44.22                    2977.2
                     44.47                    2977.2
                     44.72                    2977.2
                     44.97                    2976.2
                     45.22                    2976.2
                     45.47                    2976.2
                     45.72                    2975.2
                     45.97                    2975.2
                     46.22                    2975.2
                     46.47                    2974.2
                     46.72                    2974.2
                     46.97                    2974.2
                     47.22                    2974.2
                     47.47                    2974.2
                     47.72                    2974.2
                     47.97                    2973.2
                     48.22                    2973.2
                     48.47                    2973.2
                     48.72                    2973.2
                     48.97                    2972.2
                     49.22                    2972.2
                     49.47                    2972.2
                     49.72                    2971.2
                     49.97                    2971.2
                     50.22                    2971.2
                     50.47                    2971.2
                     50.72                    2970.2
                     50.97                    2970.2
                     51.22                    2970.2
                     51.47                    2970.2
                     51.72                    2969.2
                     51.97                    2969.2
                     52.22                    2969.2
                     52.47                    2969.2
                     52.72                    2968.2
                     52.97                    2968.2
                     53.22                    2968.2
                     53.47                    2968.2
                     53.72                    2968.2
                     53.97                    2967.2
                     54.22                    2967.2
                     54.47                    2967.2
                     54.72                    2967.2
                     54.97                    2966.2
                     55.22                    2966.2
                     55.47                    2966.2
                     55.72                    2966.2
                     55.97                    2966.2
                     56.22                    2966.2
                     56.47                    2965.2
                     56.72                    2965.2
                     56.97                    2965.2
                     57.22                    2965.2
                     57.47                    2965.2
                     57.72                    2965.2
                     57.97                    2965.2
                     58.22                    2964.2
                     58.47                    2964.2
                     58.72                    2964.2
                     58.97                    2964.2
                     59.22                    2964.2
                     59.47                    2964.2
                     59.72                    2963.2
                     59.97                    2964.2
                     60.22                    2963.2
                     60.47                    2963.2
                     60.72                    2963.2
                     60.97                    2963.2
                     61.22                    2963.2
                     61.47                    2963.2
                     61.72                    2963.2
                     61.97                    2962.2
                     62.22                    2962.2
                     62.47                    2962.2
                     62.72                    2962.2
                     62.97                    2962.2
                     63.22                    2962.2
                     63.47                    2961.2
                     63.72                    2961.2
                     63.97                    2961.2
                     64.22                    2961.2
                     64.47                    2961.2
                     64.72                    2960.2
                     64.97                    2960.2
                     65.22                    2960.2
                     65.47                    2960.2
                     65.72                    2960.2
                     65.97                    2959.2
                     66.47                    2959.2
                     66.72                    2959.2
                     66.97                    2959.2
                     67.22                    2958.2
                     67.47                    2958.2
                     67.72                    2958.2
                     67.97                    2958.2
                     68.22                    2958.2
                     68.47                    2957.2
                     68.72                    2957.2
                     68.97                    2957.2
                     69.22                    2957.2
                     69.47                    2957.2
                     69.72                    2957.2
                     69.97                    2956.2
                     70.22                    2956.2
                     70.47                    2956.2
                     70.72                    2956.2
                     70.97                    2956.2
                     71.22                    2955.2
                     71.47                    2955.2
                     71.72                    2955.2
