                         0                    2334.1
                      0.02                   2300.35
                      0.03                   2287.35
                      0.05                   2277.35
                      0.07                   2269.35
                      0.08                   2262.35
                       0.1                   2256.35
                      0.12                   2250.35
                      0.13                   2246.35
                      0.15                   2241.35
                      0.17                   2237.35
                      0.18                   2234.35
                       0.2                   2230.35
                      0.22                   2227.35
                      0.23                   2224.35
                      0.25                   2221.35
                      0.27                   2218.35
                      0.28                   2216.35
                       0.3                   2213.35
                      0.32                   2210.35
                      0.33                   2208.35
                      0.35                   2206.35
                      0.37                   2204.35
                      0.38                   2202.35
                       0.4                   2200.35
                      0.42                   2197.35
                      0.45                   2194.35
                      0.47                   2192.35
                      0.48                   2190.35
                       0.5                   2188.35
                      0.53                   2185.35
                      0.55                   2183.35
                      0.58                   2181.35
                       0.6                   2179.35
                      0.62                   2177.35
                      0.65                   2175.35
                      0.67                   2173.35
                       0.7                   2170.35
                      0.73                   2168.35
                      0.77                   2165.35
                       0.8                   2163.35
                      0.82                   2161.35
                      0.85                   2159.35
                      0.88                   2157.35
                      0.92                   2155.35
                      0.95                   2153.35
                      0.98                   2151.35
                      1.02                   2149.35
                      1.05                   2147.35
                      1.12                   2143.35
                      1.15                   2141.35
                      1.18                   2139.35
                      1.22                   2137.35
                      1.27                   2135.35
                       1.3                   2133.35
                      1.35                   2131.35
                      1.38                   2129.35
                      1.42                   2127.35
                      1.47                   2125.35
                      1.52                   2123.35
                      1.57                   2121.35
                       1.6                   2119.35
                      1.65                   2117.35
                      1.75                   2113.35
                       1.8                   2111.35
                      1.85                   2109.35
                      1.97                   2105.35
                      2.02                   2103.35
                      2.07                   2101.35
                      2.13                   2099.35
                      2.18                   2097.35
                      2.25                   2095.35
                      2.32                   2093.35
                      2.43                   2089.35
                       2.5                   2087.35
                      2.57                   2085.35
                      2.63                   2083.35
                       2.7                   2081.35
                      2.77                   2079.35
                      2.83                   2077.35
                      2.92                   2075.35
                      2.98                   2073.35
                      3.05                   2071.35
                      3.13                   2069.35
                       3.2                   2067.35
                      3.28                   2065.35
                      3.37                   2063.35
                      3.45                   2061.35
                      3.53                   2059.35
                       3.7                   2055.35
                      3.78                   2053.35
                      3.97                   2049.35
                      4.07                   2047.35
                      4.15                   2045.35
                      4.25                   2043.35
                      4.35                   2041.35
                      4.45                   2039.35
                      4.55                   2037.35
                      4.65                   2035.35
                      4.75                   2033.35
                      4.85                   2031.35
                      4.97                   2029.35
                      5.07                   2027.35
                      5.18                   2025.35
                       5.3                   2023.35
                      5.42                   2021.35
                      5.53                   2019.35
                      5.65                   2017.35
                      5.78                   2015.35
                       5.9                   2013.35
                      6.02                   2011.35
                      6.15                   2009.35
                      6.28                   2007.35
                      6.43                   2005.35
                       6.7                   2001.35
                      6.83                   1999.35
                      6.98                   1997.35
                      7.12                   1995.35
                      7.25                   1993.35
                      7.42                   1991.35
                      7.57                   1989.35
                      7.72                   1987.35
                      7.87                   1985.35
                      8.02                   1983.35
                       8.2                   1981.35
                      8.37                   1979.35
                      8.52                   1977.35
                       8.7                   1975.35
                      8.88                   1973.35
                      9.05                   1971.35
                      9.23                   1969.35
                      9.42                   1967.35
                       9.6                   1965.35
                      9.78                   1963.35
                      9.98                   1961.35
                     10.17                   1959.35
                     10.37                   1957.35
                     10.55                   1955.35
                     10.77                   1953.35
                     10.98                   1951.35
                     11.18                   1949.35
                      11.4                   1947.35
                     11.62                   1945.35
                     11.83                   1943.35
                     12.05                   1941.35
                     12.27                   1939.35
                      12.5                   1937.35
                     12.72                   1935.35
                     12.97                   1933.35
                     13.18                   1931.35
                     13.43                   1929.35
                     13.67                   1927.35
                     13.92                   1926.35
                     14.05                   1924.35
                      14.3                   1923.35
                      14.4                   1921.35
                     14.65                   1920.35
                     14.83                   1918.35
                     15.08                   1916.35
                     15.33                   1915.35
                     15.48                   1913.35
                     15.73                   1912.35
                     15.92                   1910.35
                     16.17                   1908.35
                      16.6                   1905.35
                     16.85                   1904.35
                     17.32                   1901.35
                     17.52                   1899.35
                     17.77                   1898.35
                     17.97                   1896.35
                     18.22                   1895.35
                     18.45                   1893.35
                      18.7                   1892.35
                     18.93                   1890.35
                     19.18                   1889.35
                     19.43                   1887.35
                     19.68                   1886.35
                     19.93                   1885.35
                     20.12                   1883.35
                     20.37                   1882.35
                     20.62                   1881.35
                     20.77                   1879.35
                     21.02                   1878.35
                     21.27                   1877.35
                      21.5                   1875.35
                     21.75                   1874.35
                        22                   1873.35
                     22.23                   1871.35
                     22.48                   1870.35
                     22.73                   1869.35
                     22.98                   1867.35
                     23.23                   1866.35
                     23.48                   1865.35
                     23.73                   1864.35
                     23.92                   1862.35
                     24.17                   1861.35
                     24.42                   1860.35
                     24.67                   1859.35
                     24.92                   1857.35
                     25.17                   1856.35
                     25.42                   1855.35
                     25.67                   1854.35
                     25.92                   1853.35
                     26.15                   1851.35
                      26.4                   1850.35
                     26.65                   1849.35
                      26.9                   1848.35
                     27.15                   1847.35
                      27.4                   1846.35
                     27.65                   1845.35
                      27.9                   1844.35
                     28.15                   1843.35
                      28.4                   1842.35
                     28.65                   1841.35
                     28.85                   1839.35
                      29.1                   1839.35
                     29.35                   1838.35
                      29.6                   1836.35
                     29.85                   1835.35
                      30.1                   1834.35
                     30.35                   1834.35
                      30.6                   1832.35
                     30.85                   1831.35
                      31.1                   1830.35
                     31.35                   1829.35
                      31.6                   1829.35
                     31.85                   1827.35
                      32.1                   1827.35
                     32.35                   1826.35
                      32.6                   1825.35
                      33.1                   1823.35
                     33.35                   1822.35
                      33.6                   1821.35
                     33.85                   1820.35
                      34.1                   1819.35
                     34.35                   1818.35
                      34.6                   1817.35
                     34.85                   1817.35
                      35.1                   1816.35
                     35.35                   1815.35
                      35.6                   1814.35
                     35.85                   1813.35
                      36.1                   1812.35
                     36.35                   1811.35
                      36.6                   1811.35
                     36.85                   1810.35
                      37.1                   1809.35
                     37.35                   1808.35
                      37.6                   1807.35
                     37.85                   1806.35
                      38.1                   1805.35
                     38.35                   1805.35
                      38.6                   1804.35
                     38.85                   1803.35
                      39.1                   1802.35
                     39.35                   1801.35
                      39.6                   1801.35
                     39.85                   1800.35
                      40.1                   1799.35
                     40.35                   1798.35
                      40.6                   1797.35
                     40.85                   1797.35
                      41.1                   1796.35
                     41.35                   1795.35
                      41.6                   1794.35
                     41.85                   1794.35
                      42.1                   1793.35
                     42.35                   1792.35
                      42.6                   1791.35
                     42.85                   1791.35
                      43.1                   1790.35
                     43.35                   1789.35
                      43.6                   1788.35
                     43.85                   1788.35
                      44.1                   1787.35
                     44.35                   1786.35
                     44.85                   1785.35
                      45.1                   1784.35
                     45.35                   1783.35
                      45.6                   1783.35
                     45.85                   1782.35
                      46.1                   1781.35
                      46.6                   1780.35
                     46.85                   1779.35
                      47.1                   1778.35
                     47.35                   1778.35
                      47.6                   1777.35
                     47.85                   1776.35
                      48.1                   1775.35
                     48.35                   1775.35
                      48.6                   1774.35
                     48.85                   1773.35
                      49.1                   1773.35
                     49.35                   1772.35
                      49.6                   1771.35
                     49.85                   1771.35
                      50.1                   1770.35
                     50.35                   1769.35
                      50.6                   1768.35
                     50.85                   1768.35
                      51.1                   1767.35
                      51.6                   1766.35
                     51.85                   1765.35
                      52.1                   1765.35
                     52.35                   1764.35
                      52.6                   1763.35
                      53.1                   1762.35
                     53.35                   1762.35
                      53.6                   1761.35
                     53.85                   1760.35
                      54.1                   1760.35
                     54.35                   1759.35
                      54.6                   1759.35
                     54.85                   1758.35
                      55.1                   1757.35
                     55.35                   1757.35
                      55.6                   1756.35
                     55.85                   1756.35
                      56.1                   1755.35
                     56.35                   1755.35
                      56.6                   1754.35
                     56.85                   1753.35
                      57.1                   1753.35
                     57.35                   1752.35
                      57.6                   1752.35
                     57.85                   1751.35
                      58.1                   1751.35
                     58.35                   1750.35
                      58.6                   1750.35
                     58.85                   1749.35
                      59.1                   1749.35
                     59.35                   1748.35
                      59.6                   1747.35
                     59.85                   1747.35
                      60.1                   1746.35
                     60.35                   1746.35
                      60.6                   1745.35
                     60.85                   1745.35
                      61.1                   1744.35
                     61.35                   1744.35
                      61.6                   1743.35
                     61.85                   1742.35
                      62.1                   1742.35
                     62.35                   1741.35
                      62.6                   1741.35
                     62.85                   1740.35
                      63.1                   1740.35
                     63.35                   1739.35
                      63.6                   1739.35
                     63.85                   1738.35
                      64.1                   1738.35
                     64.35                   1737.35
                      64.6                   1737.35
                     64.85                   1736.35
                      65.1                   1736.35
                     65.35                   1735.35
                      65.6                   1735.35
                     65.85                   1734.35
                      66.1                   1734.35
                     66.35                   1733.35
                      66.6                   1733.35
                     66.85                   1732.35
                      67.1                   1732.35
                     67.35                   1731.35
                      67.6                   1731.35
                     67.85                   1730.35
                      68.1                   1730.35
                     68.35                   1729.35
                      68.6                   1729.35
                     68.85                   1728.35
                      69.1                   1728.35
                     69.35                   1727.35
                      69.6                   1727.35
                     69.85                   1726.35
                      70.1                   1726.35
                     70.35                   1725.35
                      70.6                   1725.35
                     70.85                   1724.35
                      71.1                   1724.35
                     71.35                   1723.35
                      71.6                   1723.35
                     71.85                   1722.35
                      72.1                   1722.35
                     72.35                   1721.35
                      72.6                   1721.35
                     72.85                   1721.35
                      73.1                   1720.35
                     73.35                   1719.35
                      73.6                   1719.35
                     73.85                   1718.35
                      74.1                   1718.35
                     74.35                   1718.35
                      74.6                   1717.35
                     74.85                   1717.35
                      75.1                   1716.35
                     75.35                   1716.35
                      75.6                   1715.35
                     75.85                   1715.35
                      76.1                   1714.35
                     76.35                   1714.35
                      76.6                   1714.35
                     76.85                   1713.35
                      77.1                   1713.35
                     77.35                   1712.35
                      77.6                   1712.35
                     77.85                   1712.35
                      78.1                   1711.35
                     78.35                   1711.35
                     78.85                   1710.35
                      79.1                   1710.35
                     79.35                   1709.35
                     79.85                   1708.35
                      80.1                   1708.35
                     80.35                   1707.35
                      80.6                   1707.35
                     80.85                   1707.35
                      81.1                   1706.35
                     81.35                   1706.35
                     81.85                   1705.35
                     82.35                   1704.35
                      82.6                   1704.35
                     83.35                   1703.35
                      83.6                   1702.35
                     83.85                   1702.35
                      84.1                   1702.35
                      84.6                   1701.35
                     84.85                   1700.35
                      85.6                   1699.35
                     85.85                   1698.35
                      86.1                   1698.35
                     86.35                   1698.35
                      86.6                   1698.35
                     86.85                   1697.35
                      87.1                   1697.35
                     87.35                   1696.35
                      87.6                   1696.35
                     87.85                   1696.35
                      88.1                   1695.35
                     88.35                   1695.35
                      88.6                   1695.35
                     88.85                   1694.35
                      89.1                   1694.35
                     89.35                   1694.35
                      89.6                   1693.35
                     89.85                   1693.35
                      90.1                   1692.35
                     90.35                   1692.35
                      90.6                   1692.35
                     90.85                   1691.35
                      91.1                   1691.35
                     91.35                   1690.35
                      91.6                   1690.35
                     91.85                   1690.35
                      92.1                   1689.35
                     92.35                   1689.35
                      92.6                   1689.35
                     92.85                   1688.35
                     93.35                   1688.35
                      93.6                   1687.35
                     93.85                   1687.35
                      94.1                   1686.35
                      94.6                   1686.35
                     94.85                   1685.35
                      95.1                   1685.35
